10 10 
42 73 
1 
0 2 
1 3 12 
2 
14 5 
4 15 
16 7 
6 8 17 
9 7 
8 
11 20 
12 10 
2 11 
23 14 
13 4 
5 25 
26 6 
7 18 
17 19 
18 29 
30 10 21 
20 22 
21 23 
22 13 
25 34 
15 24 
27 16 
37 28 26 
27 
19 39 
40 20 
32 41 
31 
34 43 
24 33 
45 36 
35 37 
36 27 
39 48 
29 38 
41 30 
51 31 40 
52 
33 53 
54 
55 35 
47 
46 57 
38 49 
48 59 
60 51 
50 41 
53 42 
43 52 
44 55 
56 54 45 
57 55 
47 58 56 
57 
49 69 
61 50 
71 60 
63 72 
64 62 
74 63 
66 75 
67 65 
68 66 
78 67 
59 79 
80 
72 61 
62 71 
83 
84 64 
65 76 
75 86 
87 
79 68 
89 69 78 
70 90 81 
80 82 
83 81 92 
73 82 
85 74 
95 84 
76 96 
97 77 88 
87 89 
88 79 
91 80 
90 
82 93 
92 94 
93 95 
94 96 85 
86 95 
98 87 
99 97 
98 
