50 100 
4382 4483 
100 1 
0 2 
1 3 
2 4 
3 5 
4 105 
106 7 
6 8 
7 9 108 
10 8 
9 
111 12 
11 13 
12 113 
114 15 
14 16 
15 17 
18 16 117 
19 17 
119 18 
120 21 
20 121 
122 23 
24 22 123 
25 23 
26 24 
25 
127 28 
27 29 
28 30 
29 31 130 
30 
132 33 
32 133 
134 35 
34 135 
136 37 
36 38 
37 39 
38 40 
41 39 140 
42 40 
142 41 
44 
43 45 
44 46 
45 47 
46 48 
47 49 
48 50 
49 51 150 
52 50 
53 51 
153 52 
55 
54 56 
55 57 
58 56 157 
59 57 
60 58 
160 59 
62 
61 162 63 
62 64 163 
164 63 
66 
65 67 
66 68 
67 69 168 
70 68 
71 69 
171 70 
73 
72 74 173 
174 73 
76 175 
77 75 
78 76 
178 77 
80 179 
81 79 
82 80 
83 81 
82 
184 85 
84 86 185 
85 
187 88 
87 188 
189 90 
89 190 
191 92 
91 192 
193 94 
93 95 
94 96 
95 196 
197 98 
99 97 198 
98 
101 0 
102 100 
103 101 
203 102 
105 204 
5 104 
107 6 
207 106 
8 109 
108 110 
109 210 
211 11 
113 212 
213 13 112 
214 14 
116 215 
216 115 
17 118 
117 218 
19 
220 20 
21 122 
121 22 
23 223 
224 125 
124 126 
125 226 
128 27 
228 127 
229 
30 131 
130 132 
131 32 
33 134 
133 34 
35 136 
135 36 
138 
137 238 
140 239 
40 139 
241 
143 42 
144 142 
145 143 
146 144 
246 145 
148 247 
248 147 
150 249 
50 149 
152 
151 252 
154 53 
155 153 
255 154 
157 256 
57 156 
159 258 
158 
161 60 
261 160 
262 62 
63 263 
165 64 
166 164 
266 165 
168 267 
68 167 
170 269 
270 169 
172 71 
272 171 
73 273 
175 74 
75 174 
276 
277 178 
177 78 
79 279 
280 181 
180 281 
282 183 
182 184 
183 84 
85 186 
185 187 
186 87 
88 189 
188 89 
90 191 
190 91 
92 193 
192 93 
195 294 
295 194 
96 197 
196 97 
98 199 
198 299 
300 201 
200 301 
302 203 
202 103 
104 205 
204 206 
205 306 
307 107 
209 
208 309 
110 211 
210 111 
112 312 
113 
215 114 
115 214 
217 116 
317 216 
118 219 
218 220 
219 120 
222 
221 322 
123 224 
223 124 
226 325 
227 126 225 
226 
229 128 
129 329 228 
231 
230 232 331 
233 231 
234 232 
334 233 
236 
235 237 
236 238 337 
138 237 
139 339 
241 
242 240 141 341 
243 241 
343 242 
344 245 
244 345 
247 146 
147 246 
348 148 
149 349 
350 251 
250 252 351 
152 352 251 
353 254 
253 354 
355 155 
156 356 
258 
257 158 358 259 
258 260 
259 360 
361 161 
162 
163 363 
265 
264 266 
265 267 166 
167 266 
269 368 
169 268 
271 170 
371 270 
273 172 
173 272 
374 275 
274 276 375 
176 376 275 
377 177 
378 
179 379 280 
279 180 
181 282 
281 182 
284 383 
285 283 
286 284 
386 285 
288 387 
289 287 
290 288 
390 289 
292 
291 293 392 
294 292 
194 293 
296 195 
396 295 
298 397 
297 
199 399 
200 
201 401 
303 202 
403 302 
305 404 
306 304 
206 305 
308 207 
408 307 
409 209 310 
309 311 
310 411 
212 313 
312 314 
313 315 414 
314 
416 317 
316 217 
319 418 
320 318 
321 319 
322 320 
422 222 321 
324 423 
325 323 
225 324 
426 327 
326 328 
327 329 
330 328 229 
331 329 
231 330 
333 432 
433 332 
335 234 
336 334 
436 335 
237 338 
337 438 
239 340 
339 440 
241 441 
442 343 
342 243 
444 244 
245 445 
446 347 
346 348 
347 248 
249 449 
450 250 
251 451 
252 
453 253 
254 355 
354 255 
256 357 
356 457 
458 258 
360 459 
260 359 
362 261 
462 361 
263 364 
363 464 
465 366 
365 466 
368 
367 268 468 
469 370 
369 470 
372 271 
373 371 
372 
474 274 
275 475 
276 
477 277 
278 379 
378 380 279 
480 379 
481 
482 383 
283 382 483 
385 
384 386 
385 486 286 
287 487 388 
387 488 
489 
391 290 
392 390 
292 391 
394 493 
494 393 
495 
496 296 
297 497 
399 498 
299 499 398 
401 500 
402 301 400 
401 
503 303 
304 405 
404 406 
407 405 506 
406 
508 308 
309 
411 510 
511 311 410 
512 
414 513 
314 413 
515 416 
415 316 
517 
518 318 419 
418 519 
421 520 
420 
522 322 
323 424 
423 425 
424 525 
526 326 
428 527 
427 
430 529 
431 429 
432 430 
332 431 
533 333 
435 
434 436 
435 437 336 
438 436 
338 437 
440 539 
340 439 
341 541 
443 342 
442 
544 344 
345 446 
445 346 
448 547 
449 447 
349 448 
550 350 
351 452 
451 453 
452 353 
455 554 
555 454 
457 556 
357 456 
558 358 
359 460 
461 459 560 
460 
562 362 
464 563 
364 564 463 
565 365 
366 467 
466 567 
568 368 469 
468 369 
370 471 
470 472 
471 572 
573 474 
473 374 
375 476 
475 477 
476 377 
479 578 
579 478 
580 380 
381 482 
481 382 
383 484 
483 485 
484 585 
586 386 
387 
388 588 
389 589 490 
489 491 590 
492 490 
493 491 
393 492 
594 394 
395 595 
497 396 
597 397 496 
398 598 
399 
600 400 501 
500 502 
501 602 
504 403 
604 503 
605 
406 507 
506 607 
509 408 
510 508 
410 509 
512 611 411 
412 511 
413 514 
513 614 
615 415 
517 616 
417 516 
618 418 
419 619 
420 521 
520 621 
523 422 
524 522 
624 523 
425 526 
525 426 
427 627 
529 628 
429 528 
630 531 
530 631 
632 533 
532 433 
535 634 
635 534 
537 636 
538 536 
539 537 
439 538 
640 
641 441 542 
541 642 
643 544 
543 444 
546 
545 547 
546 447 548 
547 648 
649 
551 450 
651 550 
553 652 
554 552 
454 553 
556 455 
456 555 
657 
658 458 
659 
460 561 
560 562 
561 563 462 
463 562 
464 
566 465 
666 565 
467 667 
569 468 
570 568 
571 569 
671 570 
472 672 
673 473 
674 575 
574 576 675 
577 575 
578 576 
478 577 
679 479 
581 480 
582 580 
583 581 
584 582 
585 583 
485 584 
587 486 
687 586 
488 688 
689 489 
490 591 
590 691 
692 593 
592 693 
595 494 
695 495 594 
696 
697 497 
498 599 
598 699 
700 500 
701 
502 702 
703 604 
605 603 504 
606 505 604 
605 
507 707 608 
607 609 
610 608 709 
710 609 
711 511 
613 712 
614 612 
714 514 613 
715 515 
516 617 
616 618 
617 518 
519 620 
619 720 
521 721 
722 623 
622 624 
623 524 
626 725 
627 625 
527 626 
528 728 
729 630 
629 530 
531 731 
732 532 
634 733 
534 633 
735 535 
536 637 
636 638 
637 738 
739 640 
540 639 740 
741 541 
542 742 
743 543 
645 744 
646 644 
746 645 
648 747 
548 647 
549 749 650 
649 750 
751 551 
552 752 
654 753 
655 653 
656 654 
657 655 
557 656 
659 558 
559 759 658 
661 
660 662 
661 762 
763 664 
663 665 
664 666 
665 566 
567 668 
667 669 
668 769 
671 
771 670 571 
572 673 
672 573 
574 
775 575 676 
675 677 
676 777 
778 679 
678 579 
681 780 
682 680 
683 681 
783 682 
685 784 
686 785 684 
685 
787 688 587 
588 687 
690 589 
790 689 
591 791 
792 592 
593 694 
693 794 
696 595 
596 695 
797 597 
798 
599 799 
701 600 
601 801 700 
602 703 
702 704 603 
703 
706 805 
806 705 
607 
709 808 
609 708 
810 610 
811 611 
612 812 
714 
713 614 
815 615 
717 816 
718 716 
719 717 
720 718 
620 719 
621 821 
822 622 
724 823 
824 723 
625 825 726 
725 727 
726 827 
628 729 
730 728 629 
729 
631 831 
733 632 
633 732 
834 
736 635 
737 735 
738 736 
638 737 
639 
640 840 
841 641 
642 842 
843 643 
644 844 
845 
747 646 
647 746 
848 749 
748 649 
650 751 
750 651 
652 852 
653 754 
753 755 
754 855 
856 757 
756 758 
757 858 
760 659 
761 759 
762 760 
862 662 761 
764 663 
765 763 
865 764 
767 866 
768 766 
868 767 
669 770 
769 870 
772 671 
773 771 
774 772 
874 773 
875 675 
876 
677 877 
779 678 
780 778 
680 779 
881 
882 783 
782 683 
684 884 
885 685 
886 787 
786 687 
789 888 
889 788 
890 690 
691 792 
791 793 692 
792 
694 795 
794 796 
795 797 
796 798 697 
698 797 
699 899 
900 801 
800 701 
803 902 
903 802 
805 904 
705 804 
807 706 
907 808 806 
708 807 
810 
809 710 
911 711 
712 813 
812 814 
813 914 
915 715 
716 916 
818 
817 819 
818 919 820 
819 920 
921 721 822 
821 722 
723 923 
924 724 
826 725 
825 
727 828 927 
928 827 
830 929 
831 829 
731 830 
932 
933 834 
734 833 835 934 
834 
936 837 
836 838 937 
839 837 
939 838 
740 940 
941 741 
742 942 
844 743 
744 843 
745 945 846 
847 845 946 
947 846 
849 748 
850 848 
851 849 
951 850 
752 952 853 
852 854 
853 954 
755 955 856 
855 756 
858 957 
758 958 857 
860 
859 960 
961 862 
863 861 762 
864 862 
863 
866 765 
766 865 
967 
968 768 
870 969 
770 869 
971 
972 873 
872 874 
873 774 
876 775 
976 776 875 
777 878 
877 879 
878 979 
881 
880 781 882 
881 883 782 
983 882 
784 984 
785 
887 786 
987 886 
788 988 
989 789 
891 790 
890 
893 992 
894 892 
994 893 
896 995 
897 895 
997 896 
899 998 
799 898 
1000 800 
902 1001 
802 901 
904 803 
804 903 
906 1005 
905 
1007 807 
1008 909 
908 910 
909 911 
912 910 811 
913 911 
912 
814 915 
1015 914 815 
816 917 
916 918 
917 1018 
819 
820 921 
922 920 821 
923 921 
823 922 
925 824 
926 924 
927 925 
1027 827 926 
828 
829 930 
1030 929 931 
930 1031 
832 933 
1033 932 833 
834 1034 
1035 936 
935 836 
837 1037 
939 
938 940 839 
1040 840 939 
1041 841 
842 943 
942 1043 
1044 945 
944 845 
846 1046 
847 
1048 949 
948 950 
949 951 
950 851 
852 
954 1053 
854 953 
956 855 
955 
857 1057 
959 858 
960 958 
1060 860 959 
1061 861 
1062 
1063 964 
963 965 
964 966 
965 967 
867 966 968 
967 868 
869 1069 
1070 
1071 871 972 
971 872 
1073 974 
973 975 
974 976 
977 975 876 
978 976 
977 
879 980 
979 981 
980 1081 
1082 
1083 883 
884 1084 985 
984 986 
985 1086 
1087 887 
888 1088 
990 889 
991 989 
1091 990 
892 1092 
1093 
1094 894 
895 996 
995 1096 
1097 897 
898 999 
998 1099 
900 
901 1101 
1003 1102 
1002 
1104 1005 
905 1004 1006 
1005 1007 
1006 907 
1108 1009 908 
1010 1008 
1011 1009 
1010 
1013 1112 
1014 1012 
1114 1013 
1016 915 
1017 1015 
1018 1016 
918 1017 
1020 1119 
1021 1019 
1121 1020 
1122 1023 
1022 1123 
1124 1025 
1024 1026 
1025 1027 
1026 927 
1029 1128 
1129 1028 
930 
931 1032 
1031 1132 
933 
934 1035 
1034 1036 935 
1035 
937 1137 1038 
1037 1138 
1139 1040 
1039 940 
1042 941 
1142 1041 
943 1143 
1144 944 
1145 
946 1047 
1046 1147 
1049 948 
1149 1048 
1051 1150 
1052 1050 
1053 1051 
953 1052 
1055 1154 
1056 1054 
1156 1055 
957 1157 
1158 1059 
1058 1159 
960 
1062 1161 961 
962 1061 
1064 963 
1164 1063 
1066 1165 
1067 1065 
1167 1066 
1168 
969 1169 
970 1071 
1070 1072 971 
1172 1071 
1173 973 
1075 1174 
1076 1074 
1176 1075 
1078 1177 
1079 1077 
1080 1078 
1180 1079 
981 1181 
1182 982 1083 
1082 983 
1085 1184 984 
1084 
986 1087 
1086 987 
988 1188 
1189 1090 
1089 1190 
1191 991 
992 1192 
993 1193 
1095 994 
1096 1094 
996 1095 
1098 997 
1099 1097 
1199 999 1098 
1101 1200 
1001 1100 
1002 1103 
1102 1104 
1103 1204 1004 
1106 
1107 1105 1206 
1207 1106 
1208 1008 
1110 1209 
1111 1109 
1112 1110 
1012 1111 
1213 
1214 1014 
1116 1215 
1117 1115 
1217 1116 
1119 1218 
1019 1118 
1220 1121 
1120 1021 
1022 
1023 1124 
1123 1125 1024 
1126 1124 
1127 1125 
1227 1126 
1028 1228 
1229 1029 
1131 1230 
1231 1130 
1032 1133 
1132 1134 
1234 1133 1135 
1134 1136 
1135 1236 
1237 1037 
1038 1238 
1140 1039 
1139 
1241 1142 
1141 1042 
1043 1144 
1143 1044 
1045 1146 
1145 1246 
1047 1148 
1147 1149 
1148 1049 
1050 1250 
1152 
1151 1252 1153 
1152 1154 
1054 1153 1254 
1255 
1256 1056 
1057 1257 
1258 1058 
1059 1160 
1159 1161 
1160 1061 
1262 1163 
1162 1164 
1163 1064 
1065 1265 
1266 
1168 1267 1067 
1068 1167 
1069 1170 
1169 1270 
1271 
1272 1072 
1174 1073 
1074 1173 
1275 1176 
1175 1076 
1077 1277 
1179 1278 
1178 
1280 1080 
1081 1281 
1183 1082 
1283 1182 
1084 
1186 1285 
1187 1185 
1188 1186 
1088 1187 
1089 
1090 1290 
1192 1091 
1092 1191 
1093 1194 
1193 1195 
1194 1196 
1195 1197 1296 
1198 1196 
1197 
1299 1099 
1100 1201 
1200 1301 
1302 1203 
1202 1303 
1205 1104 
1206 1204 
1306 1106 1205 
1107 
1308 1108 
1109 1309 
1211 
1210 1212 
1211 1312 1213 
1113 1212 1214 
1215 1213 1114 
1115 1214 
1316 
1317 1117 
1118 1318 
1319 
1320 1120 
1222 
1221 1223 1322 
1224 1222 
1225 1223 
1226 1224 
1326 1225 
1127 
1128 1328 
1329 1129 
1130 1330 
1232 1131 
1233 1231 
1333 1232 
1334 1235 1134 
1234 
1136 1336 
1337 1137 
1138 1239 
1238 1240 
1239 1340 
1341 1141 
1342 1243 
1244 1242 1343 
1344 1243 
1246 1345 
1146 1346 1245 
1347 
1348 1249 
1248 1250 
1249 1150 1251 
1250 1351 
1253 1152 
1252 
1154 1354 
1155 1256 
1257 1255 1156 
1157 1357 1256 
1259 1158 
1260 1258 
1261 1360 1259 
1260 
1263 1162 
1363 1262 
1265 1364 
1165 1264 
1166 1267 
1266 1167 
1269 1368 
1270 1268 
1170 1269 
1171 1371 
1372 1172 
1274 1373 
1374 1273 
1175 
1277 1376 
1177 1276 
1178 1378 
1379 1280 
1279 1180 
1181 1381 
1382 
1284 1183 
1384 1283 
1185 1385 1286 
1285 1386 
1387 1288 
1289 1287 1388 
1290 1288 
1390 1190 1289 
1391 1292 
1293 1291 1392 
1294 1393 1292 
1295 1293 
1296 1294 
1196 1295 
1397 1298 
1297 1299 
1298 1199 
1301 1400 
1201 1300 
1402 1202 
1203 1403 
1404 
1405 1306 
1305 1206 
1407 1308 
1307 1208 
1209 1310 
1309 1311 
1310 1411 
1412 1212 
1413 1314 
1313 1414 
1316 1415 
1216 1315 
1318 1217 
1218 1317 
1219 1419 1320 
1319 1220 
1322 1421 
1222 1321 
1324 1423 
1325 1323 
1425 1324 
1327 1226 
1427 1326 
1228 1428 
1429 1229 
1230 1331 
1330 1431 
1333 
1433 1332 1233 
1234 
1336 1435 
1236 1335 
1338 1237 
1438 1337 
1439 
1240 1341 
1340 1241 
1442 1242 
1243 1443 
1345 1244 
1245 1344 
1446 1246 
1247 1348 
1349 1347 1248 
1350 1348 
1450 1349 
1251 1352 
1351 1452 
1354 1453 
1254 1353 
1455 1356 
1355 1456 
1257 
1458 1359 
1358 1360 
1359 1260 
1461 1362 
1361 1363 
1362 1263 
1264 1464 
1366 1465 
1367 1365 
1368 1366 
1268 1367 
1370 
1369 1470 
1271 1471 1372 
1371 1272 
1273 1473 
1474 1274 
1376 1475 
1276 1375 
1477 1378 
1377 1278 1379 
1378 1279 
1381 
1281 1380 1481 
1282 1383 
1382 1483 
1484 1284 
1485 1285 
1286 1486 
1487 1287 
1288 1389 
1388 1489 
1290 
1491 1291 
1292 1492 
1293 
1494 1395 
1394 1396 
1395 1397 
1396 1297 
1498 1399 
1398 1499 
1300 1500 1401 
1400 1402 
1401 1302 
1303 1503 
1304 1504 
1505 1305 
1506 1407 
1406 1307 
1508 1409 
1408 1410 
1409 1510 
1311 1511 
1312 
1513 1313 
1314 1514 
1315 1416 
1417 1415 1516 
1418 1416 
1417 
1519 1319 
1421 1520 
1321 1420 
1423 1522 
1323 1422 
1524 
1426 1325 
1526 1425 
1527 1327 
1328 1528 
1430 1329 
1530 1429 
1331 1432 
1431 1532 
1434 1333 
1435 1433 
1335 1434 
1437 1536 
1436 
1538 1338 
1440 1339 1539 
1540 1439 
1442 
1441 1342 
1343 1543 
1445 1544 
1444 
1447 1346 
1448 1446 
1449 1447 
1549 1448 
1451 1350 
1450 
1352 1552 
1353 1553 
1554 1455 
1454 1355 
1356 1457 
1456 1458 
1459 1457 1358 
1460 1458 
1459 
1561 1361 
1463 
1464 1462 1563 
1564 1364 1463 
1365 1466 
1465 1467 
1466 1567 
1568 1469 
1468 1569 
1370 1471 
1470 1472 1371 
1473 1471 
1373 1472 
1574 1374 
1375 1476 
1475 1576 
1478 1377 
1479 1477 
1480 1478 
1580 1479 
1381 1482 
1481 1582 
1383 1583 1484 
1483 1384 
1385 
1386 1586 
1488 1387 
1588 1487 
1389 1490 
1489 1491 
1490 1391 
1392 1493 
1492 1494 
1493 1394 
1595 
1596 1497 
1496 1498 
1497 1398 
1399 1599 
1600 1400 
1502 
1501 1602 
1403 1603 
1604 1404 1505 
1504 1405 
1507 1406 
1607 1506 
1408 
1510 1609 
1410 1509 
1411 1611 
1612 1513 
1512 1413 
1414 1515 
1514 1615 
1416 1616 
1617 1518 
1517 1519 
1518 1419 
1420 1620 
1522 1621 
1422 1521 
1524 
1523 1424 1525 
1524 1526 
1525 1426 
1528 1427 
1428 1527 
1629 
1531 1430 
1532 1631 1530 
1432 1531 
1633 1534 
1533 1634 
1635 
1436 1636 1537 
1536 1538 
1537 1438 
1439 1639 
1640 1440 
1542 1641 
1642 1541 
1443 1643 
1444 1644 
1645 1546 
1545 1547 1646 
1548 1647 1546 
1547 
1550 1449 
1650 1549 
1552 1651 
1452 1551 
1453 1554 
1553 1454 
1655 1556 
1555 1557 
1556 1558 
1557 1658 
1659 1560 
1559 1660 
1562 1461 
1563 1561 
1463 1562 
1664 1464 
1566 
1565 1666 
1467 1667 
1668 1468 
1469 1570 
1569 1571 
1570 1671 
1573 
1572 1574 
1573 1575 1474 
1675 1574 
1476 1676 
1578 
1579 1577 1678 
1679 1578 
1581 1480 
1582 1580 
1482 1581 
1584 1483 
1585 1583 
1586 1584 
1486 1585 
1687 1588 
1587 1488 
1590 1689 
1591 1589 
1592 1590 
1692 1591 
1693 1594 
1593 1595 
1495 1594 1596 
1597 1595 1496 
1598 1596 
1597 
1499 1699 
1601 1500 
1602 1600 
1502 1702 1601 
1503 1703 
1704 1504 
1606 1705 
1605 
1608 1507 
1609 1607 
1509 1709 1608 
1611 1710 
1511 1711 1610 
1613 1512 
1614 1713 1612 
1613 
1515 1715 
1516 1716 
1618 1517 
1718 1617 
1620 1719 
1520 1619 
1721 1521 1622 
1621 1623 
1622 1624 
1623 1724 
1725 1626 
1625 1726 
1727 1628 
1627 1629 1728 
1529 1628 
1730 1631 
1630 1531 
1732 1633 
1632 1533 
1534 1734 
1535 1636 
1635 1637 1536 
1638 1636 
1639 1637 
1539 1638 
1641 1540 
1541 1640 
1742 1542 
1543 1743 
1744 1544 1645 
1644 1545 
1546 1746 
1547 
1748 1649 
1648 1749 
1651 1550 
1551 1751 1650 
1752 1653 
1652 1753 
1754 1655 
1654 1555 
1657 1756 
1757 1656 
1558 1659 
1658 1559 
1661 1560 1760 
1662 1660 
1661 
1763 1664 
1663 1564 
1666 1765 
1566 1665 
1567 1668 
1667 1568 
1670 1769 
1770 1669 
1571 1672 
1671 1673 
1672 1674 
1673 1774 
1775 1575 
1576 1677 
1676 1777 
1578 1778 
1779 1579 
1681 1780 
1682 1680 
1683 1681 
1684 1682 
1685 1683 
1686 1684 
1786 1685 
1688 1587 
1689 1687 
1589 1688 
1790 
1791 1692 
1691 1592 
1694 1593 
1794 1693 
1696 
1695 1796 
1698 1797 
1699 1697 
1799 1599 1698 
1701 
1700 1702 
1701 1802 1602 
1603 1803 
1804 1705 1604 
1605 1704 
1806 1707 
1706 1708 
1707 1808 
1809 1609 
1610 1810 
1811 1611 
1812 1713 
1712 1613 
1715 1814 
1615 1714 
1616 1717 
1716 1718 
1717 1719 1618 
1619 1718 
1820 
1722 1621 
1723 1721 
1823 1722 
1624 1725 
1724 1625 
1626 1727 
1726 1627 
1628 1828 
1829 1730 
1729 1630 
1831 1732 
1731 1632 
1833 
1634 1735 
1734 1736 
1735 1737 
1736 1837 1738 
1737 1739 
1738 1839 
1840 1741 
1740 1841 
1743 1642 
1643 1742 
1745 1644 
1845 1744 
1646 1747 
1746 1847 
1848 1648 
1649 1750 
1749 1751 
1750 1651 
1852 1652 
1653 1853 
1755 1654 
1855 1754 
1656 1856 
1758 1657 
1759 1757 
1859 1758 
1660 1761 
1760 1762 
1761 1763 
1762 1663 
1864 1765 
1665 1764 1766 
1765 1767 
1766 1768 
1767 1769 
1768 1669 1869 
1771 1670 
1871 1770 
1773 1872 
1774 1772 
1674 1874 1773 
1776 1675 
1777 1775 
1677 1776 
1678 1878 
1780 1679 
1680 1779 
1881 
1882 1783 
1782 1784 
1783 1785 
1784 1786 
1785 1686 
1887 1788 
1787 1789 
1788 1889 
1690 1890 1791 
1790 1691 
1793 
1792 1893 
1894 1694 
1796 1895 
1696 1896 1795 
1697 1798 
1797 1898 
1899 1699 
1801 1900 
1901 1800 
1702 
1703 1903 
1904 1704 
1905 1806 
1805 1706 
1907 
1708 1809 
1808 1709 
1710 1910 
1911 1711 
1912 1712 
1814 1913 
1714 1813 
1915 1816 
1815 1817 
1816 1818 
1817 1918 
1919 1820 
1720 1821 1819 1920 
1822 1820 
1821 
1923 1723 
1825 
1824 1826 1925 
1926 1825 
1927 
1728 1829 
1830 1828 1729 
1829 
1931 1731 
1932 1833 
1832 1733 1933 
1835 1934 
1836 1834 
1936 1835 
1737 
1839 1938 
1739 1838 
1940 1740 
1741 1941 
1843 
1844 1842 1943 
1944 1843 
1945 1846 1745 
1845 
1747 1947 
1948 1748 
1850 1949 
1851 1849 
1850 
1952 1752 
1753 1854 
1853 1954 
1856 1755 
1756 1855 
1858 1957 
1857 
1959 1759 
1960 1861 
1860 1862 
1861 1962 
1963 1864 
1863 1764 
1965 1866 
1865 1867 
1866 1868 
1867 1968 
1769 1870 
1869 1970 
1771 
1772 1873 
1872 1973 
1774 
1975 1876 
1875 1976 
1878 
1877 1778 1879 
1878 1979 
1881 
1880 1781 1882 
1881 1782 
1983 1884 
1883 1885 
1884 1886 
1885 1986 
1987 1787 
1988 
1789 1890 
1889 1790 
1892 1991 
1893 1891 
1793 1993 1892 
1895 1794 
1795 1894 
1897 1796 
1997 1896 
1798 1998 
1799 
1800 2000 
1902 1801 
2002 1903 1901 
1803 1902 
1804 
1906 1805 
1907 1905 
1807 2007 1906 
1909 2008 
2009 1910 1908 
1810 1909 
1811 
2012 1812 
1813 1914 
1913 1915 
1914 1815 
2016 1917 
1916 2017 
1818 2018 
2019 1819 
1820 1921 
1920 1922 
1921 2022 
2023 1823 
1925 2024 
1825 1924 
1927 1826 
1928 1827 1926 
1927 
2029 1930 
1929 2030 
2031 1831 
1832 
1833 2033 
1834 1935 
1934 2035 
1937 1836 
1938 1936 
1838 1937 
2039 1940 
1939 1840 
1841 2041 
1943 2042 
1843 1942 
2044 1844 
1845 
1947 2046 
1847 1946 
2048 1848 
1849 1950 
1949 1951 
1950 2051 
2052 1852 
1954 2053 
1955 1854 1953 
1954 
2056 1957 
1956 1857 1958 
1957 1959 
1958 1859 
2060 1860 
2061 
1862 1963 
1962 1863 
1965 
1964 1966 1865 
1965 
1968 2067 
1868 2068 1967 
2069 
1870 1971 
1970 1972 
1971 2072 
1873 1974 
1973 1975 
1974 1875 
1876 2076 
2077 1978 
1977 2078 
1879 1980 
1979 1981 
1980 1982 
1981 1983 
1984 1982 1883 
1985 1983 
2085 1984 
1886 1987 
1986 1887 
1888 2088 
2089 1990 
1989 1991 
1990 1891 2091 
1993 
1992 1893 
2094 1995 
1994 2095 
2096 1997 
1996 1897 
1898 1999 
1998 2099 
1900 2100 
2101 
2102 1902 
2103 2004 
2003 2005 
2004 2006 
2005 2007 
2006 1907 
1908 2108 
1909 
2110 2011 
2010 2111 
2112 1912 
2014 
2013 2015 
2014 2016 
2015 1916 
1917 2117 
1918 2118 
2119 1919 
2021 
2020 2121 
1922 2023 
2022 1923 
1924 2124 
2125 2026 
2025 2027 
2026 2028 
2027 2128 
2129 1929 
1930 2031 
2030 1931 
2033 2132 
2034 1933 2032 
2033 
1935 2036 
2035 2037 
2036 2038 
2037 2039 
2038 1939 
2041 2140 
1941 2040 
1942 2142 
2143 
2144 1944 
2046 2145 
2146 1946 2045 
2147 2048 
2047 1948 
2050 2149 
2150 2049 
1951 2151 
2152 1952 
1953 2054 
2053 2055 
2054 2056 
2055 1956 
2058 
2057 2059 
2058 2060 
2059 2061 1960 
2062 1961 2060 
2162 2061 
2064 
2063 2065 2164 
2066 2064 
2067 2065 
1967 2066 
2069 1968 
2169 1969 2068 
2071 2170 
2072 2070 
1972 2172 2071 
2173 2074 
2073 2075 
2074 2175 
1976 2077 
2076 1977 
1978 2079 
2078 2080 
2079 2180 
2181 2082 
2081 2083 
2082 2084 
2083 2184 
2086 1985 
2087 2085 
2187 2086 
1988 2089 
2088 2090 1989 
2190 2089 
1991 2191 
2192 2093 
2092 2094 
2093 1994 
1995 2096 
2097 2095 1996 
2197 2096 
2198 
1999 2199 
2000 2200 
2201 2001 2102 
2101 2002 
2203 2003 
2204 
2106 2205 
2206 2107 2105 
2108 2106 
2008 2107 
2209 2110 
2109 2010 
2011 2211 
2113 2012 
2213 2114 2112 
2115 2113 
2116 2114 
2117 2115 
2017 2116 
2018 2218 
2120 2019 
2121 2119 
2021 2122 2120 
2123 2222 2121 
2124 2122 
2024 2123 
2126 2025 
2226 2125 
2128 2227 
2028 2127 
2229 2029 
2131 2230 
2231 2130 
2032 2232 
2233 2134 
2133 2135 2234 
2136 2134 
2135 
2237 2138 
2139 2137 2238 
2239 2138 
2040 2141 
2140 2241 
2042 2242 
2043 2144 
2143 2145 2044 
2045 2144 
2046 
2148 2047 
2149 2147 
2049 2148 
2250 2050 
2051 2251 
2153 2052 
2253 2152 
2254 2155 
2156 2154 2255 
2157 2155 
2158 2156 
2159 2157 
2160 2158 
2161 2159 
2261 2160 
2163 2062 
2164 2162 
2064 2163 
2265 2166 
2165 2167 
2166 2267 
2268 2169 
2168 2069 
2070 2270 
2271 2172 
2171 2072 
2174 2073 
2173 
2075 2176 
2175 2177 
2176 2178 
2177 2179 2278 
2279 2178 
2080 2280 
2281 2081 
2183 
2182 2283 
2084 2185 
2184 2285 
2286 
2188 2087 
2288 2187 
2289 2190 
2189 2090 
2091 2192 
2191 2092 
2293 
2195 2294 
2295 2194 
2197 
2198 2196 2097 
2098 2197 
2099 2299 
2100 2300 
2301 2101 
2302 
2204 2103 
2104 2304 2203 
2105 2305 
2106 
2307 2208 
2207 2209 
2208 2109 
2310 
2111 2212 
2211 2312 
2313 2113 
2215 2314 
2216 2214 
2217 2215 
2317 2218 2216 
2118 2217 
2220 
2219 2221 
2220 2222 
2221 2122 
2323 2224 
2223 2225 
2224 2226 
2225 2126 
2127 2228 
2227 2229 
2228 2129 
2130 2330 
2232 2131 
2132 2231 
2333 2133 
2134 2235 
2234 2236 
2235 2336 
2337 2137 
2138 2338 
2240 2139 
2340 2239 
2141 2341 
2142 2342 2243 
2242 2244 
2243 2344 
2345 2246 
2245 2346 
2347 2248 
2247 2348 
2349 2250 
2251 2249 2150 
2151 2250 
2352 2253 
2252 2153 
2354 2154 
2155 2256 
2255 2356 
2357 2258 
2257 2259 
2258 2260 
2259 2360 
2361 2161 
2362 2263 
2262 2264 2363 
2263 
2365 2165 
2267 2366 
2167 2266 
2368 2168 
2369 
2170 2370 
2272 2171 
2273 2271 
2373 2272 
2275 2374 
2276 2274 
2277 2275 
2377 2276 
2178 2378 
2379 2179 
2180 2380 
2381 2181 
2283 2382 
2183 2282 
2285 2384 
2185 2284 
2186 2386 
2387 2288 
2287 2188 
2290 2189 
2291 2390 2289 
2292 2290 
2293 2291 
2393 2193 2292 
2194 2394 
2296 2195 
2396 2295 
2298 2397 
2299 2297 
2199 2298 
2200 2400 
2302 2201 
2202 2301 
2403 2304 
2303 2204 
2205 2306 
2305 2406 
2308 2207 
2408 2307 
2310 2409 
2311 2210 2309 
2310 
2212 2412 
2413 2213 
2214 2414 
2316 
2315 2317 
2316 2217 
2418 2319 
2318 2320 
2319 2420 
2421 2322 
2321 2323 
2322 2223 
2424 2325 
2324 2425 
2426 2327 
2326 2328 
2329 2327 2428 
2328 
2230 2430 2331 
2330 2332 
2331 2432 
2433 2233 
2434 
2336 2435 
2236 2335 
2437 2237 
2238 2438 
2340 
2339 2240 
2241 2441 
2343 2242 
2443 2342 
2244 2444 
2445 2245 
2246 2347 
2346 2247 
2248 2349 
2348 2249 
2450 2351 
2350 2352 
2351 2252 
2453 
2355 2254 
2455 2354 
2256 2456 
2457 2257 
2458 
2360 2459 
2260 2359 
2461 2261 
2262 
2263 2364 
2464 2363 2365 
2364 2265 
2266 2367 
2366 2368 
2367 2268 
2269 2469 
2270 2470 
2471 2372 
2371 2373 
2372 2273 
2274 2375 
2374 2376 
2375 2476 
2378 2277 
2278 2377 
2479 2279 
2280 2480 
2382 2281 
2482 2282 2381 
2384 2483 
2284 2383 
2386 
2385 2286 2387 
2388 2386 2287 
2389 2387 
2489 2388 
2290 
2392 2491 
2492 2391 
2293 
2294 2494 
2495 
2397 2496 2296 
2297 2396 
2498 2399 
2398 2499 
2300 2500 2401 
2400 2402 
2401 2403 
2402 2303 
2405 
2404 2505 
2306 2407 
2406 2408 
2407 2308 
2309 2509 
2411 2510 
2511 2410 
2312 2512 
2513 2313 
2314 2514 
2515 2416 
2415 2417 
2416 2517 
2518 2318 
2519 
2320 2421 
2420 2321 
2522 2423 
2422 2424 
2423 2324 
2325 2525 
2526 2326 
2527 
2328 2429 
2428 2430 
2429 2530 2330 
2432 2531 
2332 2431 
2533 2333 
2334 2534 
2335 2436 
2435 2437 
2436 2337 
2338 2439 
2438 2539 
2441 2540 
2341 2440 
2542 2443 
2442 2343 
2344 2445 
2446 2444 2345 
2447 2445 
2448 2446 
2449 2447 
2448 
2550 2350 
2551 
2552 2453 
2454 2353 2452 2553 
2453 
2555 2355 
2356 2457 
2456 2357 
2358 2558 
2359 2460 
2459 2560 
2462 2361 
2463 2461 
2563 2462 
2465 2364 
2565 2464 
2467 
2468 2466 2567 
2568 2469 2467 
2369 2468 
2370 2570 
2472 2371 
2572 2473 2471 
2474 2472 
2475 2473 
2476 2474 
2376 2475 
2478 
2477 2479 
2478 2379 
2380 2580 
2581 2482 
2481 2382 
2383 2484 
2483 2485 
2484 2486 
2485 2487 
2486 2488 
2487 2588 
2490 2389 
2590 2489 
2391 2591 
2493 2392 
2494 2492 
2394 2493 
2395 2496 
2495 2396 
2597 2498 
2497 2398 
2399 2599 
2600 2400 
2502 
2503 2501 2602 
2504 2502 
2604 2503 
2405 2506 
2505 2507 
2506 2508 
2507 2509 
2508 2409 2609 
2410 2610 
2512 2411 
2412 2511 
2613 2413 
2414 2614 
2516 2415 
2616 2515 
2417 2617 
2519 2418 
2419 2619 2518 
2521 2620 
2520 
2523 2422 
2623 2524 2522 
2523 
2425 2526 
2525 2527 2426 
2427 2627 2526 
2529 2628 
2629 2528 
2430 
2431 2532 
2531 2632 
2534 2433 
2535 2434 2533 
2536 2534 
2537 2535 
2637 2536 
2539 2638 
2439 2538 
2440 2640 
2542 
2543 2541 2442 
2542 
2644 2545 
2544 2546 
2545 2547 
2546 2548 
2547 2549 
2548 2649 
2650 2450 
2451 2651 
2652 2452 
2453 2554 
2553 2555 
2554 2455 
2557 
2657 2556 2558 
2557 2458 2559 2658 
2558 
2460 2660 
2661 2562 
2561 2662 
2564 2463 
2664 2563 
2665 2465 
2567 2666 
2467 2566 
2668 2468 
2570 2669 
2470 2569 
2572 
2571 2472 
2574 2673 
2674 2573 
2576 2675 
2577 2575 
2578 2576 
2579 2577 
2679 2578 
2480 2680 
2582 2481 
2583 2581 
2683 2582 
2585 2684 
2586 2584 
2587 2585 
2586 
2488 2688 
2689 
2591 2690 2490 
2491 2590 
2692 2593 
2592 2594 
2593 2595 
2594 2596 
2595 2597 
2596 2497 
2698 
2499 2699 
2601 2500 
2602 2600 
2502 2601 
2703 
2605 2504 
2606 2604 
2607 2605 
2608 2707 2606 
2609 2607 
2509 2608 
2510 2710 
2711 2612 
2611 2712 
2713 2513 
2514 2615 
2614 2616 
2615 2516 
2517 2717 
2718 2619 
2618 2519 
2720 2520 2621 
2620 2622 2721 
2621 
2723 2523 
2625 2724 
2626 2624 
2726 2625 
2727 2527 
2528 2728 
2630 2529 
2631 2629 
2731 2630 
2532 2732 
2733 2634 
2633 2635 
2634 2735 
2736 2637 
2636 2537 
2538 2639 
2638 2739 
2540 2641 
2640 2642 
2641 2643 
2642 2644 
2643 2544 
2646 2745 
2647 2645 
2648 2747 2646 
2647 
2549 2650 
2649 2550 
2551 2751 
2653 2552 
2753 2652 
2655 2754 
2656 2654 
2756 2655 
2557 
2558 2758 
2660 2759 
2560 2659 
2561 
2562 2663 2762 
2662 
2764 2564 
2666 2565 
2566 2665 
2668 
2667 2568 
2569 2769 
2671 2770 
2672 2670 
2673 2671 
2573 2672 
2675 2574 
2575 2674 
2776 2677 
2678 2676 2777 
2677 
2680 2579 
2580 2681 2679 
2781 2680 
2782 
2783 2583 
2584 2685 
2684 2785 
2687 2786 
2688 2686 
2588 2687 
2589 2789 
2790 2590 
2791 2692 
2691 2592 
2793 2694 
2693 2695 2794 
2696 2694 
2697 2695 
2698 2696 
2798 2598 2697 
2599 2799 
2701 2800 
2702 2700 
2703 2701 
2803 2603 2702 
2804 2705 
2704 2805 
2806 2707 
2706 2607 
2709 2808 
2809 2708 
2610 2810 
2811 2611 
2612 2713 
2712 2613 
2814 2715 
2714 2716 
2715 2816 
2617 2718 
2717 2618 
2819 2720 
2719 2620 
2621 2722 
2721 2723 
2722 2623 
2624 2824 
2825 2726 
2725 2626 
2627 
2628 2828 
2829 
2830 2731 
2730 2631 
2632 2832 
2833 2633 
2735 2834 
2635 2734 
2836 2636 
2738 
2737 2838 
2639 2740 
2739 2741 
2742 2740 2841 
2743 2741 
2744 2742 
2745 2743 
2645 2744 
2747 
2746 2647 
2848 2749 
2748 2750 
2749 2751 
2750 2651 2752 
2751 2852 
2754 2653 
2654 2854 2753 
2756 
2757 2755 2656 
2758 2756 
2658 2757 
2659 2859 2760 
2759 2761 
2760 2861 
2662 2862 
2863 2764 
2763 2664 
2766 2865 
2767 2765 
2768 2766 
2769 2767 
2869 2669 2768 
2670 2771 
2770 2871 
2872 2773 
2772 2873 
2874 2775 
2774 2875 
2676 
2677 2778 
2777 2878 
2879 2780 
2779 2880 
2782 2681 
2882 2682 2781 
2784 2683 
2884 2783 
2685 2885 
2686 2787 
2786 2887 
2789 
2788 2689 2790 
2789 2690 
2891 2691 
2793 
2792 2693 
2694 2894 
2796 2895 
2797 2795 
2897 2796 
2698 
2699 2899 
2700 2900 2801 
2800 2901 
2902 2803 
2802 2703 
2904 2704 
2705 2806 
2805 2706 
2907 
2708 2908 
2810 2709 
2710 2910 2809 
2911 2711 
2912 2813 
2812 2814 
2813 2714 
2816 2915 
2716 2817 2815 
2818 2917 2816 
2817 
2820 2719 
2920 2819 
2822 2921 
2823 2821 
2923 2822 
2724 2924 
2826 2725 
2827 2825 
2828 2826 
2728 2827 
2729 2929 
2930 2730 
2832 
2732 2831 2833 
2832 2733 
2734 2934 
2935 2836 
2835 2736 
2838 2937 
2738 2839 2837 
2840 2838 
2839 
2741 2941 
2942 2843 
2842 2844 
2843 2845 
2844 2846 
2845 2847 
2846 2947 
2948 2748 
2850 2949 
2950 2849 
2951 
2752 2853 
2852 2854 
2853 2754 
2856 2955 
2857 2855 
2858 2856 
2958 2857 
2860 2759 
2859 
2761 2961 
2762 2962 
2864 2763 
2964 2863 
2765 2965 
2867 
2866 2967 
2968 2869 
2868 2769 
2970 
2771 2872 
2871 2772 
2773 2874 
2873 2774 
2775 2975 
2976 2877 
2876 2977 
2978 2778 2879 
2878 2779 
2780 2881 
2880 2882 
2881 2883 2782 
2882 
2885 2984 2784 
2785 2886 2884 
2885 
2787 2987 
2988 2889 
2888 2890 
2889 2891 
2890 2791 
2893 2992 
2993 2892 
2794 2994 
2795 2995 
2897 
2898 2896 2797 
2998 2897 
2799 2999 
3000 2800 
2801 3001 
2802 
3003 2904 
2903 2804 
2906 
2905 2907 3006 
2807 2906 
2808 3008 
3009 
3010 2810 
3011 2811 
2812 
2914 3013 
3014 2913 
2815 2916 
2915 3016 
2817 
3018 2919 
2918 3019 
3020 2820 
2821 2922 
2921 3022 
2924 2823 
2824 2923 
2926 3025 
2927 2925 
2928 2926 
3028 2927 
2829 3029 
2931 2830 
2932 2930 
2933 2931 
3033 2932 
2834 3034 
2936 2835 
3036 2937 2935 
2837 2936 
2939 3038 
2940 2938 
3040 2939 
2841 2942 
2943 2941 2842 
3043 2942 
2945 
2944 2946 
2945 3046 
2847 2948 
2947 2949 2848 
2849 2948 
3050 2951 2850 
2851 2950 
2953 3052 
3053 2952 
2955 3054 
2855 2954 
2957 3056 
3057 2956 
3058 2858 
2960 3059 
3060 2959 
2861 3061 
2862 2963 
2962 3063 
2965 2864 
2865 2964 
2967 3066 
2867 2966 
2969 2868 
2970 2968 
2870 3070 2969 
2972 
2971 2973 
2972 3073 
2975 3074 
2875 2974 
3076 2876 
2877 3077 
2878 
3079 2980 
2979 2981 
2980 2982 
2981 2983 
2982 3083 
3084 2884 
2986 3085 
2987 2985 
2887 2986 
2989 2888 
2990 2988 
2991 2989 
3091 2990 
2892 3092 
2994 2893 
3094 2894 2993 
2895 2996 
2995 3096 
3097 
2999 2898 
2899 3099 2998 
2900 
2901 3101 
3102 3003 
3002 2903 
3005 
3004 3006 3105 
2906 3005 
3008 3107 
2908 3007 
2909 3109 
3110 2910 
3012 2911 
3013 3011 
2913 3012 
3015 2914 
3115 3014 
2916 3017 
3016 3018 
3017 2918 
2919 3119 
3021 3120 2920 
3020 
2922 3023 
3022 3123 
3124 3025 
3024 2925 3125 
3126 3027 
3026 3127 
3128 2928 
2929 3030 3129 
3031 3029 
3032 3030 
3132 3031 
3133 2933 
2934 3035 
3034 3036 
3035 2936 
3038 3137 
2938 3037 
3139 
3041 2940 
3141 3040 
3142 
3044 2943 
3045 3043 
3046 3145 3044 
2946 3045 
3048 3147 
3148 3047 
3050 
3049 2950 
3052 3151 
2952 3051 
3153 2953 
2954 3055 
3054 3155 
2956 3156 
2957 
3059 2958 
2959 3058 
3061 2960 
2961 3060 
3063 3162 
2963 3062 
3164 3065 
3066 3064 3165 
2966 3065 
3167 3068 
3067 3069 
3068 3070 
3069 2970 
3072 3171 
3073 3071 
2973 3173 3072 
2974 3075 
3074 3076 
3075 2976 
2977 3177 
3178 3079 
3078 2979 
3081 
3080 3082 
3081 3182 
2983 3084 
3083 2984 
2985 3185 
3186 3087 
3086 3187 
3188 3089 
3088 3189 
3190 3091 
3090 2991 
2992 3093 
3092 3193 
3194 2994 
3096 3195 
2996 3095 
3197 2997 3098 
3097 3099 
3098 2999 
3101 3200 
3001 3201 3100 
3103 3002 
3203 3102 
3105 3204 
3005 3104 
3107 3206 
3007 3106 
3208 3109 
3108 3009 3110 
3109 3010 
3211 3112 
3111 3113 
3112 3114 
3113 3214 
3116 3015 
3117 3115 
3217 3116 
3119 3218 
3019 3118 
3220 3020 
3122 3221 
3222 3121 
3023 3223 
3224 3024 
3025 3126 
3125 3026 
3027 3227 
3129 3028 
3029 3128 
3230 
3231 3132 
3131 3032 
3134 3033 
3135 3133 
3136 3134 
3236 3135 
3037 3237 
3238 
3039 3239 3140 
3139 3141 
3140 3041 
3242 3042 3143 
3142 3243 
3244 3145 
3144 3045 
3147 3246 
3047 3146 
3149 3048 
3150 3148 
3151 3149 
3051 3150 
3252 
3154 3053 
3254 3153 
3055 3255 
3256 3056 3157 
3156 3158 
3157 3159 3258 
3160 3158 
3159 
3261 3162 
3062 3161 3163 
3162 3164 
3163 3064 
3065 3166 
3165 3167 
3166 3067 
3169 
3170 3168 3269 
3171 3169 
3071 3170 
3272 3173 
3172 3073 
3175 3274 
3275 3174 
3177 3276 
3077 3176 
3278 3078 
3180 
3179 3181 3280 
3182 3180 
3282 3082 3181 
3184 
3183 3284 
3085 3186 
3185 3086 
3087 3188 
3288 3187 3088 
3089 3190 
3189 3090 
3192 3291 
3193 3191 
3093 3192 
3294 3094 
3095 3295 
3296 
3297 3097 
3199 
3198 3299 
3100 3300 
3101 
3302 3203 
3202 3103 
3104 3304 
3206 3305 
3106 3205 
3307 3208 
3207 3108 
3210 3309 
3310 3209 
3212 3111 
3312 3211 
3313 
3114 3215 
3214 3216 
3215 3316 
3317 3117 
3118 3219 
3218 3220 
3219 3120 
3121 3321 
3322 3122 
3123 3323 
3324 3124 
3226 
3225 3326 
3127 3228 
3227 3328 
3230 3329 
3130 3229 
3232 3131 
3233 3231 
3333 3232 
3235 3334 
3335 3234 
3237 3136 
3137 3236 
3138 3338 
3240 3139 
3340 3239 
3341 3242 
3241 3142 
3143 3244 
3243 3144 
3345 
3146 3247 
3246 3248 
3247 3348 
3349 
3350 3251 
3250 3252 
3152 3253 3251 3352 
3252 
3255 3154 
3155 3254 
3356 3156 
3357 
3158 3259 
3258 3260 
3259 3261 
3260 3161 
3362 
3363 3264 
3263 3265 
3264 3266 
3265 3267 3366 
3268 3266 
3269 3267 
3169 3268 
3271 3370 
3270 
3372 3172 
3274 3373 
3174 3273 
3375 3175 
3176 3277 
3276 3377 
3378 3178 
3280 3379 
3180 3279 
3381 3282 
3283 3281 3182 
3284 3282 
3285 3184 3283 
3284 
3287 3386 
3387 3286 
3289 3188 
3389 3288 
3291 
3191 3290 3391 
3293 
3292 3294 
3293 3194 
3195 3395 
3196 3396 
3298 3197 
3299 3297 
3199 3399 3298 
3200 3400 
3401 3302 
3301 3202 
3304 
3303 3204 3404 
3205 3306 
3305 3406 
3308 3207 
3309 3307 
3209 3308 
3311 3210 
3310 
3313 3212 
3213 3314 3312 
3414 3315 3313 
3314 
3216 3416 
3318 3217 
3319 3317 
3320 3318 
3420 3319 
3221 3421 
3323 3222 
3223 3322 
3325 3224 
3326 3324 
3327 3226 3325 
3427 3326 
3228 3428 
3229 3330 
3329 3331 
3330 3332 3431 
3331 
3334 3233 
3234 3333 
3336 3235 
3436 3335 
3338 3437 
3238 3438 3337 
3439 
3440 3240 
3342 3241 
3442 3341 
3443 
3444 3345 
3346 3344 3245 3445 
3345 
3348 3447 
3248 3347 
3449 3249 3350 
3349 3351 3250 
3350 
3252 3353 
3352 3354 
3355 3353 3454 
3354 
3456 3256 
3257 3358 
3359 3357 3458 
3459 3358 
3361 
3360 3362 
3361 3262 3462 
3364 3263 
3464 3363 
3366 3465 
3266 3365 
3368 3467 
3468 3367 
3370 
3369 3270 3371 
3370 3372 
3371 3373 3272 
3273 3372 
3474 3375 
3374 3376 3275 
3375 
3277 3477 
3379 3278 
3279 3378 
3480 3381 
3380 3281 
3482 
3384 3483 
3385 3383 
3485 3384 
3286 3486 
3388 3287 
3488 3387 
3489 3289 
3391 3490 
3291 3491 3390 
3393 3492 
3394 3392 
3395 3393 
3295 3394 
3397 3296 3496 
3398 3396 
3397 
3499 3299 
3500 3300 3401 
3400 3301 
3403 3502 
3404 3402 
3405 3304 3403 
3505 3404 
3306 3407 
3406 3408 
3407 3409 
3408 3509 
3510 3411 
3410 3412 3511 
3413 3512 3411 
3412 
3514 3314 
3416 3515 
3316 3417 3415 
3418 3416 
3518 3417 
3519 
3520 3320 
3321 3422 
3421 3522 
3523 3424 
3425 3423 3524 
3426 3424 
3526 3425 
3527 3327 
3328 3429 
3428 3430 
3429 3530 
3331 3432 
3431 3532 3433 
3432 3434 3533 
3534 3433 
3535 
3437 3336 
3337 3436 
3439 3338 
3539 3339 3438 
3441 3340 
3541 3440 
3542 3342 
3343 3444 
3443 3344 
3545 3345 3446 
3445 3546 
3347 3448 
3447 3548 
3349 
3550 3451 
3450 3452 
3451 3453 
3452 3553 
3354 3455 
3454 3555 
3457 3356 
3557 3458 3456 
3358 3457 
3460 3359 
3461 3459 
3561 3460 
3562 3362 3463 
3462 3563 
3564 3364 
3365 3466 
3465 3566 
3367 3567 
3568 3368 
3470 3569 
3471 3469 
3571 3470 
3572 3473 
3472 3474 
3473 3374 
3476 3575 
3576 3475 
3377 3577 
3578 3479 
3478 3579 
3580 3380 
3482 
3481 3382 3582 
3383 3484 
3483 3584 
3486 3385 
3386 3485 
3587 3488 
3487 3388 
3589 3389 
3390 3590 
3391 
3392 3592 
3593 
3594 3495 
3494 3595 
3396 3596 3497 
3496 3498 
3497 3598 
3599 3399 
3501 3400 
3502 3500 
3402 3501 
3504 3603 
3604 3503 
3605 3405 
3606 3507 
3506 3508 3607 
3608 3507 
3409 3609 
3610 3410 
3411 3611 
3412 
3613 3514 
3513 3414 
3415 3615 
3616 3517 
3516 3617 
3618 3418 
3419 3619 
3521 3420 
3522 3520 
3422 3521 
3423 
3424 3624 
3526 
3525 3426 
3627 3427 
3529 
3528 3629 
3430 3531 
3530 3631 
3632 3432 
3433 3633 
3535 3434 
3435 3534 
3636 3537 
3538 3536 3637 
3638 3537 
3639 3439 
3640 3541 
3540 3441 
3543 3442 
3544 3542 
3644 3543 
3445 
3446 3547 3646 
3647 3546 
3448 3648 
3649 3550 
3549 3551 3450 
3552 3550 
3652 3551 
3453 3653 
3555 3654 
3455 3554 
3656 3557 
3556 3457 
3559 3658 
3560 3558 
3660 3559 
3661 3461 
3462 
3463 3564 
3563 3464 
3566 3665 
3466 3565 
3467 3667 
3569 3468 
3469 3568 
3670 
3671 3471 
3573 3472 
3673 3572 
3575 3674 
3475 3574 
3676 3476 
3477 3677 3578 
3577 3478 
3479 3580 
3579 3581 3480 
3582 3580 
3482 3581 
3584 3683 
3484 3583 
3685 3586 
3585 3686 
3588 3487 
3688 3587 
3590 3489 
3690 3490 3589 
3592 3691 
3492 3591 
3493 3693 3594 
3593 3494 
3495 3596 
3696 3595 3496 
3697 
3498 3698 
3699 3499 
3700 
3701 3602 
3603 3601 3702 
3503 3602 
3504 
3705 3505 
3506 
3507 3707 
3508 
3509 3610 
3609 3510 
3511 3612 
3611 3613 
3612 3614 3513 
3613 
3515 3715 3616 
3615 3516 
3517 3717 
3619 3518 
3519 3620 3618 
3720 3619 
3622 
3621 3722 3623 
3622 3624 3723 
3524 3724 3623 
3725 3626 
3625 3726 
3628 3527 
3728 3629 3627 
3529 3630 3628 
3629 
3531 3731 
3732 3532 
3533 3733 
3734 3635 
3634 3636 
3635 3536 
3537 3737 
3738 3538 
3739 3539 
3740 3540 
3741 3642 
3643 3641 3742 
3642 
3645 3544 
3646 3644 
3746 3546 3645 
3547 
3548 3649 
3648 3549 
3651 3750 
3751 3650 
3752 3552 
3553 3753 
3554 3754 
3755 3656 
3655 3556 
3757 
3558 3758 
3759 3660 
3659 3560 
3662 3561 
3762 3661 
3664 3763 
3764 3663 
3565 3765 
3667 3766 
3567 3666 
3768 3669 
3668 3769 
3570 3770 3671 
3670 3571 
3673 
3672 3573 
3574 3774 
3775 
3776 3576 
3678 3577 
3677 
3680 3779 
3681 3679 
3682 3680 
3683 3681 
3583 3682 
3784 
3785 3585 
3687 3586 3786 
3686 
3689 3588 
3789 3688 
3790 3590 
3591 3791 
3693 
3692 3593 
3794 3695 
3694 3795 
3796 3596 
3597 3797 
3598 3699 
3698 3599 
3600 3800 3701 
3700 3601 
3602 3703 
3702 3803 
3804 3705 
3704 3706 3605 
3707 3705 
3607 3706 
3709 3808 
3809 3708 
3711 3810 
3712 3710 
3713 3711 
3714 3712 
3814 3713 
3815 3615 
3717 3816 
3617 3716 
3719 3818 
3718 
3721 3620 
3821 3720 
3822 3622 
3623 3823 
3624 
3825 3625 
3626 3727 
3726 3728 
3727 3628 
3730 3829 
3731 3729 
3631 3730 
3832 3632 
3633 3833 
3834 3634 
3736 3835 
3737 3735 
3837 3637 3736 
3638 
3839 3639 
3840 3640 
3841 3641 
3642 3842 
3843 3744 
3743 3745 
3744 3746 
3745 3646 
3748 3847 
3749 3747 
3750 3748 
3650 3749 
3851 3651 
3652 
3653 3853 
3654 3854 
3756 3855 3655 
3757 3755 
3657 3756 
3658 3858 
3859 3659 
3761 
3760 3762 
3763 3761 3662 
3663 3762 
3864 3664 
3665 3865 
3666 3767 
3766 3768 
3767 3668 
3669 3869 
3771 3670 
3772 3770 
3773 3771 
3774 3772 
3674 3773 
3675 3875 
3777 3676 
3778 3776 
3779 3777 
3679 3778 
3781 
3780 3782 
3781 3783 3882 
3784 3782 
3684 3783 
3885 3685 
3686 3787 
3786 3788 
3787 3888 
3889 3689 
3890 3690 
3691 3792 
3791 3793 
3792 3794 
3793 3694 
3695 3895 
3896 3696 
3897 3697 3798 
3797 3799 
3798 3899 
3900 3700 
3901 
3803 3902 
3703 3802 
3904 3704 
3905 
3807 3906 
3907 3806 
3708 3908 
3810 3709 
3710 3809 
3812 3911 
3813 3811 
3812 
3914 3714 
3915 3715 
3716 3916 
3917 
3718 3918 3819 
3818 3820 
3819 3821 
3820 3721 
3922 3722 
3723 3824 
3823 3924 
3826 3725 
3827 3926 3825 
3828 3826 
3827 
3729 3830 
3829 3831 
3830 3931 
3932 3732 
3733 3834 
3833 3734 
3735 3935 
3837 
3836 3737 
3938 3839 
3838 3739 
3940 3740 
3941 3741 
3742 3843 
3842 3743 
3845 3944 
3846 3844 
3847 3845 
3747 3846 
3948 3849 
3848 3850 
3849 3851 
3850 3852 3751 
3952 3853 3851 
3753 3852 
3754 3855 
3854 3755 
3857 3956 
3858 3856 
3758 3857 
3860 3759 
3960 3859 
3862 3961 
3962 3861 
3864 
3863 3865 3764 
3765 3864 
3867 3966 
3868 3866 
3968 3867 
3769 3969 
3871 
3870 3872 
3871 3972 3873 
3872 3874 
3873 3875 
3775 3874 3876 
3875 3976 
3977 3878 
3877 3879 
3878 3880 
3879 3881 3980 
3882 3880 
3782 3881 
3983 3884 
3883 3885 
3884 3785 
3887 
3886 3987 
3788 3889 
3888 3789 
3891 3790 
3991 3890 
3893 3992 
3993 3892 
3895 3994 
3795 3894 
3996 3796 
3997 3797 
3899 3998 
3999 3799 3898 
4000 3800 
3801 4001 
3802 3903 
3902 3904 
3903 3804 
3805 4005 
3806 4006 
3908 3807 
3808 3907 
4009 3910 
3909 4010 
3811 4011 3912 
3911 4012 
4013 3914 
3913 3814 
3815 
3816 4016 
4017 3817 3918 
3917 3818 
3920 4019 
4020 3919 
3922 
3921 3923 3822 
3922 
3824 4024 
4025 3926 
3925 3826 
3928 4027 
3929 3927 
3930 3928 
3931 3929 
3831 3930 
3933 3832 
4033 3932 
4034 
3835 3936 
3935 3937 
3936 3938 
3937 3838 
4039 3940 
3939 3840 
4041 3841 
3943 4042 
3944 3942 
3844 3943 
4045 3946 
3945 3947 
3946 3948 
3947 3848 
3950 4049 
3951 3949 
4051 3950 
3852 
3954 4053 
3955 3953 
4055 3954 
3856 4056 
3958 
3959 3957 4058 
3958 
3961 3860 
3861 3960 
3963 3862 
4063 3962 
3965 4064 
4065 3964 
3866 4066 
4067 
4068 3868 
4069 3869 3970 
3969 3971 
3970 4071 
4072 3872 
3974 
3973 4074 
3976 4075 
3876 3975 
3978 3877 
3979 3977 
4079 3978 
3880 3981 
3980 3982 
3981 4082 
3984 3883 
3985 3983 
3986 3984 
4086 3985 
3887 3988 4087 
3989 3987 
4089 3988 
4090 
4091 3891 
3892 4092 
4093 3893 
3894 3995 
3994 4095 
4096 3896 
4097 3897 
3898 4098 
4099 3899 
4100 3900 
3901 4002 
4001 4003 4102 
4004 4002 
4104 4005 4003 
3905 4004 
3906 4007 
4006 4107 
4108 4009 
4008 3909 
3910 4110 
4111 3911 
3912 4013 
4014 4012 3913 
4015 4013 
4016 4014 
3916 4015 
4117 3917 
4019 
4018 3919 4119 
4021 3920 
4022 4020 
4023 4021 
4123 4022 
3924 4124 
4125 3925 
4126 
3927 4028 
4027 4029 
4028 4129 
4130 4031 
4030 4032 
4031 4033 
4032 4034 3933 
4035 3934 4033 
4135 4034 
4136 4037 
4036 4038 
4037 4138 
4139 3939 
4041 
4040 4141 3941 
3942 4142 
4044 
4043 4045 
4046 4044 3945 
4047 4045 
4046 
4049 4148 
3949 4048 
4150 4051 
4050 3951 
4053 4152 
3953 4052 
4154 
4155 3955 
3956 4057 
4056 4157 
4158 3958 4059 
4058 4060 
4059 4061 
4060 4161 
4162 4063 
4062 3963 
3964 4164 
4066 3965 
3966 4065 
4167 3967 4068 
4067 3968 
4070 3969 
4170 4069 
3971 4171 
4073 3972 
4074 4072 
4174 3974 4073 
3975 4076 
4075 4077 
4076 4078 
4077 4178 
4179 3979 
4180 4081 
4080 4181 
3982 4083 
4082 4084 
4083 4184 
4185 4086 
4085 3986 
3987 4187 
4188 
4189 3989 
3990 4091 
4090 3991 
3992 4192 
4094 3993 
4095 4093 
3995 4094 
4196 3996 
4197 3997 
3998 4198 
3999 
4101 4000 
4201 4100 
4002 4103 
4102 4203 
4004 
4106 4205 
4107 4105 
4007 4106 
4008 
4110 4209 
4010 4109 
4211 4112 4011 
4111 
4213 4114 
4113 4115 
4114 4116 
4115 4216 
4118 4017 
4218 4117 
4019 4120 
4119 4121 
4120 4221 
4222 
4124 4023 
4224 4024 4123 
4126 4025 
4026 4226 4125 
4227 
4129 4228 
4029 4128 
4030 
4231 4132 
4131 4133 
4132 4134 
4133 4234 
4035 
4236 4036 
4138 4237 
4038 4137 
4140 4039 
4240 4139 
4041 
4042 4242 
4243 4144 
4143 4145 
4144 4146 
4145 4147 
4146 4247 
4048 4149 
4148 4249 
4151 4050 
4251 4150 
4052 4252 
4253 4154 
4153 4054 4254 
4156 4055 
4157 4155 
4057 4156 
4258 4058 
4259 
4161 4260 
4061 4160 
4163 4062 
4164 4162 
4064 4163 
4166 
4165 4266 
4267 4067 
4169 
4168 4170 
4169 4070 
4071 4271 
4272 4173 
4172 4174 
4173 4175 4074 
4176 4174 
4177 4175 
4176 
4078 4278 4179 
4178 4079 
4280 4080 
4081 4182 
4181 4183 4282 
4283 4182 
4084 4185 
4184 4085 
4187 4286 
4087 4186 
4088 4288 
4190 4089 
4191 4189 
4291 4190 
4092 4292 
4194 4293 
4195 4193 
4194 
4296 4096 
4097 
4098 4199 
4198 4299 
4300 
4202 4101 
4203 4201 
4103 4303 4202 
4205 4304 
4105 4204 
4207 
4208 4206 4307 
4209 4207 
4309 4109 4208 
4310 4211 
4210 4111 
4312 4213 
4212 4113 
4215 
4214 4315 
4116 4316 
4218 
4219 4217 4118 
4220 4319 4218 
4221 4219 
4121 4220 
4122 4223 
4222 4323 
4324 4124 
4325 
4227 4126 
4127 4327 4226 
4128 4229 
4228 4230 
4229 4231 
4230 4131 
4233 4332 
4232 
4134 4235 
4234 4335 
4336 4136 
4137 4238 
4237 4239 
4238 4339 
4340 4140 
4242 4341 
4142 4241 
4244 4343 4143 
4243 
4246 4345 
4346 4245 
4147 4248 
4247 4348 
4149 4349 
4350 
4351 4252 4151 
4152 4251 
4153 
4154 4255 
4254 4256 
4255 4356 
4357 4258 
4257 4158 
4159 4359 
4160 4360 
4361 4262 
4263 4261 4362 
4264 4262 
4265 4263 
4365 4264 
4166 4366 
4367 4167 
4269 4368 
4369 4268 
4271 4370 
4171 4270 
4273 4172 
4373 4272 
4374 4275 
4274 4276 
4275 4277 
4276 4377 
4378 4178 
4280 
4279 4180 
4282 4381 
4182 4281 
4284 4183 
4285 4283 
4286 4284 
4186 4285 
4387 4288 
4188 4289 4287 4388 
4389 4290 4288 
4289 
4391 4191 
4192 4392 
4193 4294 
4293 4295 
4294 4395 
4297 4196 
4298 4296 
4398 4297 
4199 4399 
4400 4200 4301 
4300 4302 
4301 4303 
4302 4203 
4204 4305 
4304 4306 
4305 4406 
4207 4308 
4307 4408 
4409 4209 
4410 4210 
4411 
4313 4212 
4413 4312 
4315 4414 
4215 4314 
4216 4416 
4417 4318 
4317 4418 
4419 4219 
4420 4321 
4320 4421 
4323 4422 
4223 4322 
4424 4224 
4326 4225 4425 
4426 4325 
4427 4227 
4428 
4429 4330 
4329 4331 
4330 4332 
4331 4232 4333 
4332 4433 
4335 4434 
4235 4334 
4436 4236 
4437 4338 
4337 4438 
4239 4340 
4339 4240 
4441 4241 4342 
4341 4442 
4443 4243 
4345 4444 
4245 4344 
4347 4246 
4447 4346 
4248 4448 
4249 4449 
4250 4450 4351 
4350 4251 
4452 4353 
4352 4453 
4355 4454 
4356 4354 
4256 4355 
4358 4257 
4458 4357 
4259 4459 
4260 4361 
4360 4261 
4262 4363 
4362 4463 
4464 
4465 4265 
4266 4466 
4368 4267 
4268 4367 
4469 4269 
4270 4470 
4372 
4371 4472 4373 
4372 4273 
4375 4274 
4475 4374 
4476 
4277 4477 
4379 4278 
4380 4378 
4381 4379 
4281 4380 
4383 
4384 4382 
4484 4383 
4485 4386 
4385 4486 
4487 4287 
4288 4488 
4289 
4490 4391 
4390 4291 
4292 4393 
4392 4493 
4395 4494 
4295 4394 
4496 4397 
4396 4497 
4399 4298 
4299 4499 4398 
4500 4300 
4501 4402 
4401 4403 4502 
4404 4402 
4405 4403 
4404 
4306 4407 
4406 4507 
4308 4508 
4309 
4510 4310 
4311 4412 4511 
4512 4411 
4414 4313 
4314 4514 4413 
4416 4515 
4316 4415 
4517 4317 
4318 4518 
4519 4319 
4520 4320 
4321 4521 
4322 4423 
4422 4424 
4423 4425 4324 
4325 4424 
4326 
4527 4327 
4328 4528 4429 
4428 4430 4329 
4431 4429 
4430 
4433 4532 
4533 4333 4432 
4334 4435 
4434 4535 
4536 4336 
4337 
4338 4439 
4438 4440 
4439 4540 
4541 4341 
4342 4443 
4442 4343 
4344 4544 
4446 
4445 4546 
4448 4347 
4348 4548 4447 
4349 4549 
4451 4350 
4551 4450 
4552 4352 
4353 4553 
4354 4455 
4454 4456 
4455 4556 
4557 4458 
4457 4358 
4359 4559 4460 
4459 4461 
4460 4462 
4461 4562 
4363 4563 
4364 4564 
4565 4365 
4366 4467 4566 
4468 4466 
4467 
4569 4369 
4370 4471 
4470 4571 
4572 4372 
4474 
4473 4574 
4476 4375 
4376 4576 4475 
4377 4577 
4578 4479 
4478 4480 
4479 4481 
4482 4480 4581 
4483 4582 4481 
4482 
4584 4384 
4585 4385 
4386 4487 
4486 4387 
4388 4489 
4488 4490 
4489 4390 
4492 
4491 4493 4592 
4393 4492 
4394 4594 4495 
4494 4496 
4495 4396 
4397 4498 
4497 4499 
4498 4399 
4600 4400 
4401 
4402 4602 
4504 4603 
4505 4503 
4506 4504 
4606 4505 
4407 4607 
4408 4509 
4508 4510 
4509 4610 4410 
4411 4611 
4612 4412 
4613 4514 
4513 4414 
4415 4516 
4515 4517 
4516 4417 
4418 4618 
4619 4419 
4620 4420 
4421 4621 
4622 4523 
4522 4524 
4523 4624 
4625 4526 
4525 4626 
4627 4427 
4529 4428 
4528 
4531 4630 
4532 4530 
4432 4531 
4534 4433 
4533 
4435 4635 
4537 4436 
4538 4536 
4539 4537 
4639 4538 
4440 4640 4541 
4540 4542 4441 
4543 4541 
4542 
4444 4644 
4546 4645 
4446 4545 
4647 4548 
4547 4448 
4449 4550 
4549 4650 
4451 
4652 4452 
4453 4554 
4553 4654 
4556 4655 
4456 4555 
4657 4457 
4559 
4558 4459 
4561 4660 
4562 4560 
4462 4662 4561 
4463 4663 
4464 4664 
4665 4465 
4466 4567 
4566 4568 
4567 4668 
4570 4469 
4571 4569 
4471 4570 
4573 4472 
4574 4572 
4474 4575 4573 
4675 4574 
4676 4476 
4477 4578 
4577 4478 
4580 4679 
4581 4579 
4481 4580 
4682 4482 
4683 4584 
4583 4484 
4586 4485 
4686 4585 
4588 4687 
4688 4587 
4590 4689 
4591 4589 
4592 4590 
4492 4591 
4693 
4595 4494 
4695 4594 
4597 
4596 4598 
4597 4698 4599 
4598 4699 
4700 4500 
4602 4701 
4502 4702 4601 
4503 4703 
4704 4605 
4604 4705 
4607 4506 
4507 4707 4606 
4708 4609 
4608 4709 
4611 4710 4510 
4511 4610 
4512 
4713 4513 
4615 
4614 4715 
4617 4716 
4618 4616 
4718 4518 4617 
4519 
4720 4520 
4521 4622 
4621 4522 
4624 4723 
4524 4623 
4725 4525 
4526 4726 
4628 4527 
4629 4627 
4729 4628 
4530 4631 
4630 4731 
4633 4732 
4634 4632 
4635 4633 
4735 4535 4634 
4637 4736 
4638 4636 
4738 4637 
4739 4539 
4540 
4642 4741 
4643 4641 
4743 4642 
4544 4744 
4545 4646 
4645 4746 
4648 4547 
4649 4647 
4749 4648 
4550 4651 
4650 4751 
4752 4552 
4654 4753 
4554 4653 
4555 4755 
4756 4657 
4656 4557 
4659 4758 
4660 4658 
4560 4659 
4761 
4762 4562 
4563 4763 
4564 4665 
4664 4666 4565 
4667 4665 
4668 4666 
4568 4669 4667 
4769 4668 
4671 4770 
4771 4670 
4772 4673 
4672 4674 
4673 4774 
4775 4575 
4677 4576 
4777 4676 
4679 4778 
4579 4678 
4780 
4781 4682 
4681 4582 
4684 4583 
4784 4683 
4785 4686 
4685 4586 
4587 4787 
4689 4588 
4589 4688 
4790 4691 
4690 4692 
4693 4691 4792 
4793 4593 4692 
4794 4695 
4694 4595 
4697 4796 
4797 4696 
4598 
4599 4799 
4800 4701 4600 
4601 4700 
4602 
4603 4803 
4604 
4605 4706 
4705 4707 
4706 4807 4607 
4808 4608 
4609 4809 
4610 
4811 4712 
4711 4812 
4714 4613 
4715 4713 
4815 4615 4714 
4616 4717 
4716 4817 
4818 4618 
4819 4720 
4719 4620 
4722 4821 
4723 4721 
4623 4722 
4824 4725 
4724 4625 
4626 4727 
4726 4728 
4727 4729 
4728 4629 
4731 4830 
4631 4730 
4632 4733 
4732 4833 
4834 4735 
4736 4734 4635 
4636 4735 
4738 
4737 4638 
4740 4639 
4741 4739 
4641 4740 
4842 
4744 4643 
4644 4743 
4746 4845 
4646 4747 4745 
4748 4746 
4848 4747 
4849 4649 
4850 
4651 4851 
4852 4652 
4653 4754 
4753 4854 
4655 4855 
4856 4656 
4758 
4757 4658 4759 
4758 4859 
4860 4761 
4661 4760 4861 
4862 4662 
4663 4764 
4763 4765 
4764 4766 
4765 4767 
4766 4768 
4767 4868 
4770 4669 
4670 4769 
4671 
4872 4672 
4774 4873 
4674 4773 
4875 4776 4675 
4775 
4877 4677 
4678 4878 
4780 
4680 4779 4781 
4782 4780 4681 
4783 4781 
4883 4782 
4884 4684 
4786 4685 
4787 4785 
4687 4786 
4888 4789 
4788 4889 
4890 4690 
4891 
4692 4892 
4893 4693 
4795 4694 
4796 4794 
4696 4795 
4798 4697 
4799 4797 
4699 4899 4798 
4900 4700 
4802 4901 
4803 4801 
4703 4802 
4904 4805 
4804 4806 
4805 4906 
4707 
4908 4708 
4709 4810 
4809 4811 
4810 4711 
4712 4813 
4812 4814 
4813 4815 
4814 4715 
4916 
4717 4917 
4718 
4820 4719 
4920 4819 
4721 4921 
4922 4823 
4822 4923 
4924 4724 
4826 
4825 4827 
4826 4828 4927 
4829 4827 
4929 4828 
4730 4831 
4830 4832 4931 
4932 4831 
4733 4933 
4835 4734 
4834 
4936 4837 
4836 4838 
4837 4839 
4838 4840 
4839 4940 
4941 4842 
4841 4843 4742 4942 
4842 
4944 4845 
4745 4844 4945 
4847 
4846 4848 
4847 4748 
4850 4749 
4750 4950 4849 
4751 4852 
4851 4752 
4953 
4754 4954 
4755 4856 
4855 4857 4756 
4858 4856 
4859 4857 
4759 4858 
4760 
4761 4862 
4861 4863 4762 
4864 4862 
4863 
4965 4866 
4865 4867 
4866 4967 
4768 4869 
4868 4870 
4869 4871 
4870 4872 
4871 4772 
4773 4874 
4873 4875 
4874 4775 
4976 4877 
4876 4777 
4778 4879 
4878 4880 
4879 4980 
4981 4882 
4881 4982 
4783 
4885 4784 
4985 4884 
4887 4986 
4886 
4988 4788 
4789 4989 
4990 4790 
4791 4991 
4792 4992 
4793 
4994 4895 
4894 4896 
4895 4897 
4896 4898 4997 
4897 
4999 4799 
4800 
4801 4902 
4901 4903 
4902 4904 
4903 4905 4804 
4904 
4806 4907 
4906 4908 
4909 4907 4808 
4910 4908 
4911 4909 
4912 4910 
4913 4911 
4914 4912 
4915 4913 
4916 4914 
4816 4915 
4817 4918 
4917 4919 
4918 4920 
4919 4820 
4821 4922 
4921 4822 
4823 4924 
4925 4923 4824 
4926 4924 
4927 4925 
4827 4926 
4929 
4928 4930 4829 
4931 4929 
4831 4930 
4832 
4833 4934 
4933 4935 
4934 4936 
4935 4937 4836 
4938 4936 
4939 4937 
4938 
4840 4941 
4940 4841 
4842 4943 
4942 4944 
4943 4844 
4845 4946 
4945 4947 
4946 4948 
4947 4949 
4948 4950 
4949 4951 4850 
4952 4950 
4953 4951 
4853 4952 
4854 4955 
4954 4956 
4955 4957 
4956 4958 
4957 4959 
4958 4960 
4959 4961 
4960 4962 
4961 4963 
4962 4964 
4963 4965 
4966 4964 4865 
4965 
4867 4968 
4967 4969 
4968 4970 
4969 4971 
4970 4972 
4971 4973 
4972 4974 
4973 4975 
4974 4976 
4975 4977 4876 
4978 4976 
4979 4977 
4978 
4880 4981 
4980 4881 
4882 4983 
4982 4984 
4983 4985 
4984 4885 
4886 4987 
4986 4988 
4987 4888 
4889 4990 
4991 4989 4890 
4891 4990 
4892 4993 
4992 4994 
4993 4995 4894 
4996 4994 
4995 
4897 4998 
4997 4999 
4998 4899 
